# Number of vertices:
960
# Edge list:
599,461
97,735
311,756
293,24
614,634
781,121
765,915
584,7
327,458
56,178
292,274
554,724
828,943
619,845
0,379
931,859
878,839
116,722
413,577
552,664
460,646
101,72
869,531
21,909
496,497
534,926
911,296
341,843
845,734
81,219
570,395
816,929
797,259
365,155
289,542
53,255
135,638
331,505
260,8
214,275
857,12
191,206
766,426
301,832
384,650
512,34
591,749
13,158
349,695
703,167
302,250
477,351
502,572
794,649
939,189
380,394
626,454
885,131
609,709
946,375
954,841
263,480
356,42
706,400
735,430
620,269
463,690
15,39
896,677
450,608
321,265
732,872
893,855
782,730
418,688
745,344
204,693
464,225
75,759
581,766
897,698
176,1
127,514
711,389
79,855
455,667
741,473
801,235
485,822
242,184
69,738
421,30
594,445
547,402
177,521
558,46
644,90
256,120
85,510
950,355
399,18
162,37
705,286
938,592
270,70
548,728
652,597
652,598
760,149
26,636
674,526
675,109
264,732
444,103
154,451
300,293
594,246
891,171
896,847
557,321
716,742
172,748
470,588
818,642
606,773
698,726
723,146
49,214
208,55
66,483
764,553
622,787
929,683
148,242
320,476
457,142
809,367
245,305
43,651
346,752
329,440
385,83
25,551
371,522
398,942
833,283
700,287
217,161
607,181
30,605
808,757
838,526
889,411
120,798
778,18
493,241
824,577
922,633
520,335
948,297
812,678
930,634
259,196
224,574
498,28
568,615
799,651
295,194
388,500
513,122
893,791
934,373
821,24
438,344
614,313
835,917
527,278
481,530
836,494
638,955
436,556
785,234
957,450
459,932
393,304
340,560
843,236
131,198
222,511
375,162
632,661
307,675
94,611
928,630
887,596
126,751
243,803
606,229
458,384
33,761
325,133
444,618
887,222
29,111
939,900
647,362
129,128
240,525
621,485
310,882
944,478
297,525
357,625
262,846
331,393
173,840
205,437
60,94
933,396
201,23
209,453
518,603
67,771
959,689
531,441
793,699
802,78
819,244
642,110
407,19
808,148
434,200
784,67
213,900
573,620
913,447
536,282
86,688
249,119
268,171
713,945
707,372
684,59
59,456
184,923
600,580
725,226
705,671
381,838
600,731
433,6
58,368
237,392
324,48
781,388
380,927
363,187
693,806
755,109
503,239
383,724
127,442
860,537
420,598
475,391
563,750
723,52
499,60
400,958
954,665
377,882
301,324
488,4
216,326
124,2
515,902
81,590
947,516
145,137
876,812
624,493
601,782
285,438
905,747
580,409
428,586
733,747
774,861
850,483
888,759
401,717
230,946
257,786
507,474
193,610
126,464
271,245
125,756
553,920
192,169
599,429
411,883
188,327
282,101
694,660
495,687
561,312
130,185
139,736
394,941
523,940
567,957
613,521
480,674
725,401
135,936
49,333
159,561
43,617
622,785
114,815
57,391
260,800
658,442
144,539
378,722
708,671
211,869
788,856
868,267
947,881
377,432
910,106
613,511
832,715
854,65
110,279
33,11
423,829
514,89
216,210
810,271
303,826
505,457
38,743
99,117
413,243
776,280
656,646
212,353
804,277
796,751
923,870
284,469
899,569
777,877
115,872
257,348
623,921
383,236
795,88
897,669
533,948
841,637
713,170
335,683
710,467
680,29
550,378
360,956
99,459
929,93
439,292
108,804
62,814
685,142
63,93
486,496
75,168
508,500
529,22
530,195
709,621
486,819
369,495
453,113
660,412
87,950
567,319
953,749
750,919
74,265
533,828
203,232
211,507
462,445
631,448
742,917
152,857
670,249
452,854
456,219
903,876
824,168
517,682
403,154
489,76
534,41
906,266
163,190
358,555
780,690
41,535
435,369
663,775
538,0
585,731
441,736
208,341
305,201
151,66
306,267
959,421
160,118
910,8
31,419
508,299
755,2
35,901
414,678
430,571
528,492
716,54
825,919
595,20
906,830
36,772
285,866
374,220
410,202
912,667
72,617
643,515
795,61
288,685
107,454
694,206
36,918
618,96
662,437
852,612
894,362
789,193
190,156
842,834
65,339
318,25
576,353
743,905
615,928
240,251
139,655
91,473
251,770
469,945
221,273
943,602
562,741
158,349
884,253
844,415
476,499
262,878
494,165
958,647
275,774
630,74
147,288
364,844
807,157
518,325
198,492
830,298
926,703
892,880
88,695
182,343
730,113
862,80
253,588
800,329
578,941
640,309
583,452
207,487
679,178
822,387
692,585
47,851
12,894
714,908
951,342
911,100
873,173
179,550
95,105
418,938
98,286
605,780
300,449
402,122
40,657
462,673
767,182
68,875
769,491
517,21
276,861
448,38
151,549
247,512
174,884
601,842
955,898
215,542
859,753
519,825
852,805
729,102
37,19
754,608
788,339
212,205
597,826
811,587
345,233
783,701
465,506
870,229
555,114
850,702
227,226
833,481
409,635
779,810
639,256
336,374
739,472
55,809
851,883
263,863
258,23
137,663
368,347
105,672
504,629
853,767
763,510
183,291
237,129
351,834
223,179
858,509
187,771
431,227
69,527
543,141
482,390
648,475
311,907
258,940
185,404
317,183
640,232
359,801
627,479
691,586
345,877
9,417
745,925
320,467
428,659
519,886
145,657
130,406
498,937
398,484
604,806
174,77
103,163
161,783
564,196
764,80
603,82
682,513
472,699
535,416
26,73
172,848
729,408
11,506
914,758
276,166
83,382
624,338
814,310
697,566
365,912
821,545
186,28
558,52
356,62
370,234
522,279
164,149
697,509
886,524
313,291
343,582
932,596
794,50
82,390
548,602
641,813
191,874
579,566
738,427
395,350
252,936
296,13
784,951
922,306
423,554
290,661
490,863
746,431
347,920
924,71
181,564
737,930
544,376
942,719
516,789
881,405
261,710
44,864
829,817
209,664
952,112
446,551
700,290
27,92
668,864
228,927
188,544
636,666
228,223
337,901
616,539
42,890
915,799
238,762
576,648
903,91
61,744
255,134
281,589
718,847
303,304
659,718
422,468
540,860
827,443
775,925
116,357
387,150
909,404
447,715
706,100
5,10
405,849
167,607
831,399
879,248
892,20
210,656
197,546
328,501
54,587
837,330
627,807
791,433
281,16
557,35
4,520
170,143
420,712
250,294
58,625
721,565
873,719
763,471
645,273
5,633
867,233
839,868
199,302
17,68
427,489
98,389
45,440
541,283
849,294
397,632
677,478
687,425
831,871
203,308
429,666
853,797
953,474
40,63
680,570
616,119
629,952
218,637
823,189
482,31
132,326
239,342
123,235
711,451
328,503
908,571
180,924
217,662
676,426
569,403
177,231
644,140
367,354
87,793
696,51
773,591
169,355
136,502
805,7
649,17
330,768
15,856
84,490
907,740
175,746
207,70
360,439
529,50
880,532
879,752
466,108
466,610
153,669
152,312
628,816
575,338
397,334
277,46
820,192
461,194
654,681
408,153
684,96
44,396
913,623
274,366
811,323
352,914
770,308
424,867
545,180
443,132
143,465
560,147
549,363
768,272
95,71
918,891
704,348
48,97
284,717
252,463
813,582
501,858
419,385
64,726
803,949
124,904
532,89
921,889
417,579
287,754
254,107
758,435
166,578
254,315
776,64
361,337
376,728
436,359
543,707
934,468
425,280
146,818
790,200
484,737
528,668
112,654
727,77
653,643
272,639
477,574
727,497
446,416
317,689
10,248
102,231
504,225
523,714
575,57
318,835
935,692
136,138
316,778
53,865
199,278
757,777
361,635
956,195
865,631
115,762
106,9
846,47
221,156
836,104
875,157
186,823
289,244
611,562
73,890
78,315
215,720
760,686
609,604
379,670
165,261
123,704
134,241
133,701
144,612
230,820
224,346
848,739
407,565
491,117
386,314
386,862
22,944
895,140
266,79
392,584
885,164
269,104
316,487
323,333
626,85
798,381
815,628
366,319
406,150
299,128
672,827
593,14
56,6
552,32
176,118
314,721
559,1
270,933
645,748
686,837
572,14
547,681
175,336
589,641
761,410
372,414
702,904
415,332
899,871
92,334
422,949
653,155
202,898
424,888
350,488
373,840
650,264
595,696
874,665
39,322
382,76
817,540
16,588
111,479
895,733
744,588
568,298
159,51
802,412
536,3
931,673
524,246
538,866
916,792
937,902
90,84
753,765
471,720
204,679
573,34
354,322
449,358
86,563
691,160
712,787
935,916
364,268
556,455
796,295
592,27
247,734
583,138
309,460
676,537
213,740
197,655
370,658
593,619
125,546
769,590
434,340
559,32
3,786
792,790
45,218
141,352
432,371
121,708
238,541
772,581
779,332
307,220
--- Next graph:
# Number of vertices:
960
# Edge list:
437,791
604,659
850,384
949,28
679,280
124,321
872,423
25,708
827,87
726,40
619,877
43,674
780,518
356,678
862,658
608,706
270,177
371,403
640,220
613,1
772,853
786,696
139,368
378,82
892,377
914,274
900,759
730,269
48,570
371,312
499,883
190,653
472,727
603,739
292,801
249,237
239,954
415,155
366,806
564,116
19,607
948,738
188,752
800,408
95,424
594,329
640,308
137,451
856,797
554,133
386,747
790,739
699,458
668,398
675,852
761,811
551,630
654,93
94,204
753,607
460,837
251,136
77,710
442,38
78,734
617,476
774,367
537,273
9,906
902,599
676,882
538,489
578,776
825,74
24,27
165,786
389,552
547,161
262,119
135,495
702,917
118,436
246,514
767,257
950,858
568,15
655,147
294,376
586,943
383,60
888,808
314,647
601,433
707,61
556,521
528,899
2,894
869,641
846,431
35,548
74,466
80,721
477,701
397,821
395,69
758,207
383,311
625,751
876,392
396,217
763,463
63,299
623,533
250,737
70,78
295,863
571,569
823,713
325,278
9,618
926,483
218,819
177,784
535,694
355,166
869,890
55,256
523,96
788,684
626,793
597,936
660,326
53,487
630,86
728,185
167,698
520,796
852,506
108,263
504,913
935,737
267,847
880,684
881,247
838,951
168,248
783,369
907,344
389,433
516,524
228,509
418,532
809,79
904,616
950,289
712,264
507,677
150,629
351,385
820,307
382,937
234,649
944,745
23,502
266,13
294,885
794,360
435,678
205,529
344,528
912,393
317,75
757,26
719,553
911,584
130,785
886,864
469,774
107,71
665,275
291,339
55,498
242,891
221,357
216,567
481,868
485,244
322,804
906,325
828,574
204,456
411,139
377,170
234,484
286,792
680,669
261,769
544,8
682,100
176,41
221,670
261,233
218,707
527,765
391,160
583,304
211,846
352,915
546,643
898,937
51,621
64,508
227,713
827,748
210,584
21,563
157,265
141,687
171,31
233,222
688,255
241,213
378,637
908,473
686,534
615,685
189,354
735,815
477,669
263,809
412,333
815,908
683,565
933,553
341,896
307,927
282,79
831,526
105,602
825,643
736,56
300,161
375,476
36,762
43,175
784,343
304,21
91,84
929,146
107,115
632,491
843,588
114,496
539,301
813,496
766,27
566,494
7,688
698,318
62,887
6,481
180,920
402,521
631,711
113,855
154,691
362,592
635,590
873,658
46,666
512,829
802,346
254,873
349,652
200,132
455,742
778,711
110,628
738,287
121,102
519,615
824,86
216,89
109,916
850,431
565,897
456,424
298,58
52,335
361,889
620,146
68,644
35,421
151,795
168,174
605,422
750,522
430,536
857,657
327,697
310,891
511,782
395,503
376,571
536,803
391,662
120,338
182,556
910,486
606,468
816,542
203,331
787,875
875,229
955,99
718,272
946,16
842,432
854,148
260,209
691,320
932,734
271,240
894,660
90,303
509,555
933,769
789,880
59,362
690,394
134,905
254,17
555,828
808,71
836,308
116,62
81,733
162,531
516,582
449,954
98,754
75,704
547,579
20,181
785,779
866,470
500,606
94,30
689,240
112,561
529,558
513,299
744,348
277,805
276,464
600,921
70,651
467,66
596,169
634,709
952,2
268,799
317,245
277,927
953,327
575,747
639,813
197,212
919,453
876,931
527,613
871,546
595,773
202,5
101,222
557,173
203,249
703,959
225,92
504,602
430,28
679,331
508,25
402,697
480,667
206,243
941,727
478,373
363,562
297,88
292,830
638,462
44,494
699,538
794,741
881,957
693,420
247,797
845,245
364,858
879,469
677,422
611,593
7,64
65,425
6,103
194,459
639,225
33,581
663,367
525,411
510,934
217,550
428,336
522,777
259,681
588,909
488,91
461,400
777,830
406,806
457,955
143,198
798,893
10,724
485,446
916,690
811,889
12,408
172,275
570,700
181,754
235,272
768,905
262,404
300,429
614,372
442,332
413,46
206,399
644,186
213,578
320,365
466,445
417,256
208,608
543,505
884,694
958,656
653,517
833,253
148,826
20,392
848,865
929,687
83,330
410,947
122,500
551,45
374,264
315,648
16,370
696,273
918,871
664,741
258,468
901,709
837,878
335,297
866,341
922,214
670,586
151,560
770,407
295,788
22,649
610,449
904,838
84,349
541,626
730,80
487,191
820,624
812,255
37,289
609,729
284,131
867,191
440,781
187,155
580,723
96,33
410,342
503,755
142,802
271,930
232,787
705,407
306,843
219,144
105,242
672,909
646,490
103,792
158,428
309,87
892,495
751,893
160,561
147,673
865,664
667,856
187,467
143,935
278,10
470,612
879,587
416,801
778,350
39,133
560,484
766,822
745,629
507,287
22,829
925,14
328,436
164,810
510,729
23,127
455,762
450,552
795,418
860,616
448,237
171,946
673,957
355,57
175,97
443,749
158,725
672,475
178,569
274,489
126,701
81,423
387,900
479,799
379,44
19,45
132,29
768,695
878,833
178,870
625,890
913,373
421,844
465,220
215,348
310,374
400,185
671,618
867,515
482,435
460,37
502,48
493,340
899,314
851,591
854,202
52,68
884,804
572,771
343,125
122,104
627,438
740,196
654,735
198,296
444,753
224,403
826,153
231,85
775,882
512,668
479,604
657,887
32,393
419,860
290,285
412,386
301,743
88,190
129,196
915,153
533,315
0,693
165,401
311,290
554,720
567,11
575,34
109,760
302,117
368,862
497,211
162,549
326,72
605,208
174,342
323,388
524,192
65,276
598,550
179,776
722,283
241,293
743,559
42,50
59,313
353,922
214,288
591,641
347,226
714,207
498,183
252,246
157,541
930,861
238,781
397,3
940,340
250,136
130,462
844,56
493,610
76,34
328,117
582,589
817,542
106,284
239,334
579,482
585,478
661,531
840,841
458,612
159,779
121,194
95,520
938,767
770,683
29,252
387,419
874,659
549,230
910,539
819,793
663,381
357,450
840,525
69,956
676,47
236,849
576,18
816,574
169,700
765,140
577,156
266,959
594,474
772,114
332,288
705,36
580,209
50,384
583,302
896,351
382,595
15,57
645,452
888,771
681,99
184,138
414,526
924,517
703,429
319,390
409,369
333,461
562,587
577,454
337,926
631,173
176,42
733,149
201,123
942,812
651,352
440,85
635,746
353,441
439,545
223,358
692,63
898,515
359,864
499,738
736,280
159,324
128,385
945,783
471,775
128,923
228,917
293,911
758,119
842,849
581,183
545,572
537,82
432,780
98,715
851,585
718,761
336,951
671,296
324,511
716,167
41,800
726,359
330,907
949,111
650,666
405,123
859,742
404,592
394,163
138,564
131,0
471,420
358,532
661,434
814,535
728,47
760,1
506,764
732,73
652,648
952,897
232,719
943,628
92,491
682,267
54,269
149,279
617,60
835,807
72,443
634,488
90,832
463,77
447,540
345,426
924,283
557,824
853,622
14,622
338,243
689,380
642,156
518,285
291,919
150,717
32,260
414,413
372,434
363,514
611,184
381,230
740,702
427,623
337,576
286,710
603,200
235,638
939,732
464,717
627,309
163,725
596,791
154,715
704,600
61,501
144,593
519,686
49,124
492,902
370,457
24,835
841,480
958,356
195,316
789,180
401,223
912,445
822,642
823,106
305,748
647,744
773,944
127,193
945,366
646,137
142,345
928,334
12,857
868,680
448,716
179,573
870,530
918,750
821,624
839,8
895,573
497,236
339,620
427,135
100,396
53,199
534,195
126,265
141,438
49,475
454,530
441,281
256,759
931,706
723,238
76,614
416,543
836,563
568,365
486,636
319,379
244,548
940,51
303,4
93,188
390,318
724,189
947,863
40,473
134,831
599,257
425,186
650,845
656,492
790,807
306,755
886,112
928,354
279,782
444,956
601,118
731,932
763,415
665,38
31,655
598,523
11,948
398,215
633,212
437,544
439,764
316,941
692,248
380,388
347,757
818,219
923,182
26,73
645,282
798,193
115,934
621,281
914,847
13,796
861,113
298,953
268,817
322,722
749,885
803,229
810,483
903,938
921,270
172,54
632,446
323,501
942,451
231,199
872,409
102,321
474,903
164,83
305,490
756,17
313,140
472,589
361,839
18,375
3,590
67,662
874,145
566,832
834,925
89,805
619,227
877,633
350,505
258,637
152,201
721,170
675,818
746,708
559,752
636,256
145,329
197,66
360,453
859,192
101,597
558,685
97,426
67,936
226,540
224,513
756,129
108,920
205,406
4,855
58,459
405,251
152,848
895,399
110,609
452,30
312,120
259,447
253,720
125,834
364,465
814,39
5,939
346,166
731,901
674,104
883,695
712,714
210,111
